_C_238c8_59199fb3_8 8c 0 48 0 0 20202020 0 76696374 0 65 
_C_238c8_59199fb3_4 8c 0 38 0 0 2e62696e 0 72616d 
_C_238c8_59199fb3_1 8c 0 a0 0 0 2e766364 0 6c657231 0 74726f6c 0 65436f6e 0 43616368 
_C_238c8_59199fb3_5 8c 0 10 0 0 7262 
_C_238c8_59199fb3_a 8c 0 48 0 0 5f6f7020 0 61636865 0 63 
_C_238c8_59199fb3_6 8c 0 48 0 0 20202020 0 646c6520 0 69 
_C_238c8_59199fb3_2 84 0 20 0 0 0 
_C_238c8_59199fb3_3 84 0 20 0 0 1 
_C_238c8_59199fb3_9 8c 0 48 0 0 6c202020 0 6566696c 0 72 
_C_238c8_59199fb3_7 8c 0 48 0 0 6865636b 0 61675f63 0 74 
_C_238c8_59199fb3_b 8c 0 48 0 0 72202020 0 4572726f 0 25 
